{
   "best.ckpt-5": 12.97399616241455,
   "best.ckpt-3": 16.137422561645508,
   "best.ckpt-130": 24.217391967773438
}